1 1.008 1.264 1.25396825397
2 1.509333 2.526333 1.6738075693
3 2.1374 22.1118 10.3451857397
4 2.6062 37.485 14.383009746
5 3.302 71.967643 21.7951674743
6 3.5828 126.4982 35.3070782628
7 4.2348 336.6208 79.4891848493
8 4.6948 414.3784 88.2632700009
9 5.378 677.8152 126.034808479
10 5.7014 817.3144 143.35328165
11 6.547167 1246.5785 190.399679739
12 6.659 1468.307 220.499624568
13 7.213 2005.572 278.049632608
14 7.869 2295.113 291.665141695
15 8.515 4000 470
16 9.162 4700 513
17 9.809
18 10.455
19 11.10
20 11.749
